612
338
613
386
623
430
632
475
648
517
678
554
714
585
752
610
795
616
835
610
871
588
904
560
931
527
950
489
960
446
967
404
969
359
634
307
665
296
699
298
732
306
763
318
831
318
861
309
890
303
921
299
949
308
800
348
800
380
801
412
801
445
764
461
781
468
798
474
815
468
830
462
673
343
695
333
722
334
742
351
719
355
692
354
847
353
869
336
894
336
915
346
896
357
871
357
730
516
756
506
780
500
797
505
816
500
838
506
860
515
838
535
815
544
796
546
778
544
754
534
742
517
779
517
797
519
816
517
849
517
816
518
797
520
779
518
