236
390
239
456
248
523
262
589
290
649
328
703
375
749
433
785
494
796
555
784
603
750
644
708
679
658
707
604
726
542
738
480
745
416
305
297
337
260
382
236
434
231
478
248
558
248
605
234
656
240
699
267
721
310
516
312
514
340
514
368
513
396
471
459
489
464
509
467
530
465
549
460
360
340
389
316
425
314
455
338
423
347
388
348
572
340
603
315
639
319
665
345
639
353
603
350
416
591
444
539
483
516
505
522
526
516
558
540
576
592
556
640
525
665
501
669
477
665
440
638
431
588
482
547
504
547
525
546
560
589
524
631
502
636
479
632
