92
118
93
133
95
148
97
163
101
178
108
191
120
201
134
209
150
211
165
208
179
201
191
191
200
178
204
163
206
148
208
133
208
117
97
103
102
94
111
90
121
92
130
97
156
99
167
95
178
94
188
97
195
104
143
111
143
122
143
133
144
143
134
154
139
155
144
156
150
154
156
152
108
115
114
111
122
112
130
117
122
118
114
118
161
116
168
112
176
112
182
115
176
116
169
116
122
170
132
169
141
168
147
169
153
167
163
166
174
167
164
176
155
181
148
183
142
183
133
179
126
172
141
174
147
174
154
173
170
168
154
173
148
175
142
174
