154
115
155
130
157
145
158
160
162
176
170
189
182
199
197
206
213
210
229
208
243
201
255
190
263
177
266
162
269
147
271
132
271
117
168
104
175
96
186
93
197
95
207
99
233
98
241
92
251
90
260
93
266
101
220
111
220
122
220
132
220
143
207
152
213
154
218
156
224
155
229
153
181
115
188
111
195
111
203
116
195
116
188
116
234
117
241
111
249
111
256
115
249
118
241
118
189
167
200
167
210
167
217
169
222
168
231
169
240
170
230
179
221
182
215
183
208
181
199
176
193
169
210
173
216
174
222
174
236
172
221
174
215
174
209
173
