121
146
122
163
124
181
128
199
135
216
145
231
157
247
170
260
187
262
204
259
218
247
230
231
240
215
247
198
250
179
251
161
252
143
132
140
138
131
149
127
162
128
174
132
194
131
206
126
219
126
231
129
238
137
184
141
185
151
185
162
185
173
172
180
178
183
185
185
192
182
199
180
147
145
154
141
162
141
169
145
161
146
154
146
202
144
209
139
216
139
223
143
217
145
209
145
155
200
165
196
177
196
186
197
195
196
207
196
217
199
207
214
196
221
186
222
177
221
165
214
158
201
177
199
186
200
195
199
214
200
195
213
186
215
177
213
